1.53 1.75 1.72 1.79 1.9 1.61 1.8 1.75 1.61 1.85 1.59 1.57 1.65 1.88 1.81
1.51 1.53 1.75 1.94 1.69 1.93 1.64 1.84 1.87 1.87 1.5 1.89 1.58 1.94
1.63 1.65 1.71 1.89 1.75 1.81 1.55 1.53 1.82 1.61 1.59 1.51 1.57 1.87
1.86 1.88 1.81 1.63 1.85 1.55 1.57 1.93 1.87 1.88 1.73 1.82 1.94 1.94
1.52 1.64 1.66 1.81 1.72 1.78 1.89 1.58 1.62 1.73 1.81 1.83 1.8 1.79
1.59 1.62 1.58 1.72 1.76 1.81 1.77 1.69 1.59 1.53 1.51 1.66 1.5 1.81
1.72 1.78 1.52 1.9 1.63 1.88 1.82 1.85 1.88 1.91 1.83 1.62 1.53 1.71
1.82 1.54 1.52 1.92 1.63 1.52 1.86 1.79 1.87 1.82 1.57 1.75 1.64 1.83
1.68 1.93 1.77 1.9 1.84 1.76 1.87 1.52 1.7 1.76 1.67 1.82 1.85 1.71 1.7
1.68 1.7 1.56 1.91 1.82 1.94 1.66 1.9 1.83 1.53 1.6 1.52 1.88 1.86 1.77
1.53 1.91 1.52 1.9 1.87 1.88 1.7 1.94 1.81 1.9 1.76 1.58 1.68 1.89 1.82
1.81 1.91 1.62 1.51 1.53 1.88 1.82 1.72 1.58 1.57 1.56 1.76 1.92 1.86
1.61 1.57 1.75 1.65 1.93 1.77 1.59 1.83 1.74 1.8 1.66 1.58 1.91 1.53
1.66 1.77 1.72 1.92 1.77 1.57 1.84 1.89 1.87 1.67 1.58 1.54 1.88 1.87
1.83 1.55 1.77 1.94 1.86 1.54 1.65 1.7 1.85 1.66 1.77 1.55 1.59 1.93 1.6
1.86 1.57 1.95 1.52 1.84 1.71 1.88 1.68 1.66 1.79 1.54 1.91 1.6 1.84
1.58 1.51 1.79 1.94 1.72 1.58 1.93 1.69 1.58 1.61 1.84 1.75 1.63 1.95
1.53 1.88 1.53 1.55 1.77 1.74 1.5 1.88 1.61 1.86 1.62 1.83 1.82 1.54
1.86 1.74 1.74 1.82 1.9 1.91 1.92 1.91 1.67 1.9 1.53 1.8 1.75 1.88 1.61
1.64 1.61 1.76 1.82 1.54 1.59 1.85 1.89 1.91 1.57 1.64 1.59 1.57 1.55
1.77 1.65 1.69 1.94 1.56 1.51 1.92 1.55 1.75 1.75 1.57 1.81 1.72 1.6
1.65 1.61 1.58 1.91 1.64 1.53 1.54 1.62 1.6 1.56 1.8 1.73 1.81 1.84 1.93
1.86 1.54 1.76 1.64 1.7 1.93 1.89 1.62 1.81 1.87 1.88 1.71 1.73 1.93
1.86 1.54 1.93 1.51 1.6 1.76 1.6 1.91 1.84 1.5 1.67 1.89 1.92 1.95 1.75
1.59 1.67 1.52 1.71 1.78 1.72 1.58 1.61 1.87 1.78 1.78 1.51 1.75 1.71
1.91 1.88 1.91 1.51 1.6 1.52 1.82 1.73 1.77 1.69 1.58 1.85 1.78 1.51
1.72 1.61 1.82 1.83 1.54 1.94 1.79 1.79 1.69 1.89 1.86 1.59 1.53 1.93
1.77 1.63 1.93 1.55 1.51 1.64 1.64 1.81 1.92 1.89 1.52 1.81 1.88 1.74
1.9 1.7 1.56 1.69 1.56 1.74 1.84 1.6 1.72 1.62 1.91 1.54 1.53 1.53 1.8
1.94 1.84 1.59 1.74 1.69 1.74 1.5 1.95 1.58 1.83 1.56 1.74 1.59 1.67
1.78 1.77 1.89 1.92 1.8 1.66 1.72 1.6 1.64 1.58 1.83 1.53 1.82 1.64 1.89
1.77 1.76 1.57 1.79 1.6 1.91 1.53 1.55 1.94 1.52 1.72 1.58 1.91 1.78
1.54 1.62 1.74 1.64 1.88 1.56 1.62 1.92 1.59 1.84 1.65 1.62 1.84 1.87
1.55 1.57 1.95 1.86 1.65 1.82 1.82 1.77 1.76 1.55 1.95 1.59 1.86 1.51
1.71 1.69 1.81 1.51 1.51 1.79 1.54 1.63 1.67 1.58 1.57 1.64 1.7 1.76
1.93 1.83 1.62 1.7 1.59 1.63 1.93 1.67 1.87 1.77 1.94 1.85 1.92 1.9 1.69
1.86 1.76 1.73 1.88 1.7 1.77 1.75 1.56 1.83 1.55 1.58 1.89 1.57 1.75
1.64 1.94 1.66 1.52 1.52 1.64 1.65 1.83 1.66 1.62 1.88 1.62 1.91 1.79
1.95 1.53 1.85 1.84 1.64 1.58 1.79 1.7 1.53 1.7 1.93 1.85 1.6 1.92 1.94
1.73 1.63 1.88 1.81 1.66 1.54 1.7 1.7 1.88 1.78 1.73 1.72 1.55 1.82 1.55
1.72 1.72 1.9 1.84 1.62 1.77 1.77 1.62 1.72 1.88 1.82 1.64 1.56 1.66
1.76 1.52 1.63 1.89 1.94 1.72 1.85 1.89 1.77 1.52 1.9 1.79 1.76 1.95 1.9
1.72 1.79 1.79 1.9 1.74 1.86 1.61 1.81 1.55 1.81 1.76 1.64 1.81 1.6 1.86
1.79 1.84 1.51 1.85 1.58 1.51 1.83 1.61 1.62 1.52 1.73 1.77 1.61 1.59
1.79 1.75 1.75 1.57 1.57 1.78 1.71 1.94 1.73 1.52 1.87 1.62 1.64 1.56
1.78 1.85 1.62 1.76 1.92 1.63 1.86 1.92 1.93 1.67 1.69 1.67 1.58 1.61
1.84 1.72 1.85 1.82 1.77 1.51 1.59 1.54 1.69 1.78 1.8 1.88 1.52 1.57
1.64 1.73 1.69 1.61 1.83 1.69 1.57 1.94 1.9 1.74 1.87 1.51 1.94 1.71
1.51 1.85 1.65 1.81 1.69 1.84 1.87 1.65 1.64 1.89 1.93 1.6 1.93 1.64
1.84 1.78 1.72 1.9 1.94 1.61 1.56 1.66 1.64 1.71 1.61 1.76 1.58 1.53
1.54 1.74 1.61 1.79 1.7 1.58 1.62 1.68 1.85 1.74 1.62 1.79 1.62 1.91
1.79 1.88 1.63 1.84 1.59 1.78 1.57 1.69 1.5 1.73 1.74 1.62 1.86 1.78 1.9
1.62 1.75 1.71 1.79 1.78 1.75 1.79 1.74 1.66 1.63 1.69 1.94 1.7 1.51 1.7
1.54 1.88 1.91 1.87 1.93 1.67 1.52 1.6 1.83 1.58 1.53 1.59 1.63 1.64
1.87 1.63 1.76 1.67 1.83 1.86 1.92 1.8 1.84 1.57 1.87 1.73 1.88 1.93
1.82 1.76 1.58 1.52 1.55 1.56 1.64 1.55 1.54 1.52 1.53 1.67 1.52 1.6
1.91 1.51 1.54 1.57 1.79 1.61 1.79 1.66 1.51 1.95 1.84 1.84 1.93 1.81
1.8 1.55 1.81 1.63 1.87 1.56 1.82 1.74 1.74 1.51 1.75 1.56 1.6 1.74 1.82
1.51 1.93 1.91 1.78 1.85 1.92 1.79 1.75 1.87 1.93 1.67 1.94 1.74 1.58
1.5 1.91 1.81 1.69 1.53 1.8 1.89 1.87 1.53 1.56 1.92 1.74 1.73 1.52 1.91
1.82 1.79 1.88 1.71 1.52 1.94 1.6 1.68 1.95 1.64 1.6 1.68 1.81 1.8 1.64
1.5 1.92 1.81 1.86 1.88 1.86 1.7 1.67 1.84 1.76 1.88 1.56 1.56 1.6 1.86
1.67 1.93 1.82 1.69 1.93 1.56 1.53 1.69 1.62 1.51 1.6 1.94 1.94 1.67
1.78 1.73 1.83 1.78 1.53 1.65 1.62 1.76 1.86 1.68 1.72 1.65 1.58 1.65
1.94 1.61 1.65 1.82 1.65 1.77 1.8 1.66 1.91 1.69 1.88 1.87 1.68 1.52
1.95 1.55 1.82 1.61 1.71 1.67 1.57 1.78 1.71 1.72 1.93 1.81 1.59 1.76
1.83 1.69 1.86 1.58 1.93 1.76 1.93 1.83 1.61 1.72 1.58 1.56 1.85 1.71
1.67 1.55 1.69 1.87 1.94 1.52 1.7 1.65 1.56 1.51 1.81 1.67 1.59 1.93
1.81 1.55 1.68 1.71 1.79 1.72 1.62 1.79 1.76 1.92 1.83 1.92 1.59 1.89
1.56 1.82 1.53 1.61 1.91 1.62 1.66 1.87 1.6 1.86 1.53 1.66 1.74 1.52
1.58 1.9 1.9 1.58 1.76 1.88 1.72 1.59 1.77 1.87 1.85 1.89 1.86 1.91 1.57
1.52 1.93 1.8 1.65 1.72 1.6 1.82 1.72 1.79 1.74 1.53 1.89 1.9 1.57 1.82
1.87 1.83 1.73 1.57 1.69 1.87 1.86 1.53 1.68 1.79 1.73 1.94 1.76 1.69
1.77 1.65 1.54 1.79 1.94 1.52 1.93 1.52 1.82 1.53 1.86 1.89 1.75 1.61
1.94 1.66 1.62 1.77 1.76 1.62 1.73 1.73 1.83 1.71 1.51 1.91 1.83 1.9
1.73 1.92 1.69 1.51 1.76 1.73 1.57 1.91 1.73 1.7 1.63 1.8 1.82 1.51 1.63
1.91 1.74 1.93 1.79 1.91 1.68 1.64 1.5 1.8 1.77 1.8 1.57 1.52 1.69 1.94
1.65 1.79 1.63 1.82 1.73 1.72 1.77 1.53 1.87 1.89 1.7 1.89 1.77 1.9 1.64
1.73 1.87 1.56 1.9 1.9 1.62 1.79 1.63 1.77 1.59 1.89 1.56 1.57 1.74 1.76
1.73 1.72 1.86 1.75 1.56 1.56 1.77 1.9 1.8 1.78 1.58 1.51 1.75 1.63 1.93
1.89 1.91 1.67 1.61 1.58 1.84 1.91 1.6 1.52 1.94 1.55 1.57 1.81 1.82
1.72 1.82 1.76 1.83 1.67 1.59 1.54 1.72 1.95 1.54 1.65 1.93 1.57 1.83
1.73 1.87 1.54 1.66 1.65 1.55 1.74 1.53 1.88 1.57 1.87 1.89 1.74 1.75
1.77 1.62 1.79 1.65 1.91 1.71 1.85 1.65 1.82 1.52 1.76 1.87 1.77 1.59
1.72 1.82 1.53 1.67 1.84 1.89 1.94 1.65 1.62 1.79 1.91 1.92 1.51 1.66
1.57 1.85 1.79 1.88 1.64 1.73 1.57 1.75 1.78 1.52 1.94 1.92 1.64 1.86
1.71 1.71 1.68 1.55 1.56 1.86 1.86 1.73 1.94 1.51 1.94 1.58 1.9 1.78
1.85 1.81 1.87 1.74 1.56 1.63 1.69 1.95 1.82 1.86 1.83 1.62 1.77 1.68
1.87 1.59 1.83 1.61 1.83 1.54 1.54 1.87 1.58 1.77 1.54 1.56 1.9 1.6 1.67
1.6 1.66 1.53 1.56 1.72 1.62 1.72 1.64 1.79 1.54 1.76 1.89 1.52 1.69
1.84 1.53 1.5 1.65 1.62 1.83 1.72 1.9 1.73 1.65 1.68 1.53 1.66 1.66 1.84
1.62 1.81 1.63 1.62 1.57 1.68 1.64 1.76 1.78 1.57 1.68 1.75 1.7 1.81
1.83 1.84 1.89 1.51 1.78 1.87 1.69 1.68 1.74 1.64 1.85 1.73 1.82 1.95
1.63 1.82 1.88 1.61 1.67 1.9 1.82 1.55 1.77 1.91 1.59 1.75 1.78 1.69
1.65 1.62 1.9 1.58 1.59 1.65 1.88 1.59 1.68 1.56 1.88 1.77 1.74 1.76
1.71 1.85 1.84 1.71 1.94 1.63 1.69 1.9 1.5 1.52 1.56 1.93 1.55 1.76 1.84
1.58 1.9 1.79 1.71 1.71 1.83 1.57 1.53 1.59 1.53 1.63 1.89 1.75 1.58
1.65 1.51 1.64 1.69 1.94 1.52 1.78 1.76 1.9 1.91 1.6 1.56 1.54 1.73 1.84
1.63 1.69 1.58 1.62 1.68 1.67 1.88 1.65 1.95 1.91 1.84 1.79 1.92 1.79
1.6 1.58 1.85 1.94 1.61 1.7 1.56 1.81 1.94 1.63 1.91 1.62 1.52 1.52 1.81
1.54 1.91 1.59 1.7 1.63 1.83 1.87 1.84 1.91 1.69 1.91 1.95 1.76 1.81
1.82 1.67 1.84 1.72 1.88 1.89 1.84 1.74 1.59 1.82 1.92 1.59 1.92 1.58
1.94 1.9 1.78 1.54 1.58 1.75 1.66 1.63 1.94 1.56 1.72 1.84 1.81 1.83
1.89 1.51 1.55 1.51 1.61 1.9 1.74 1.57 1.72 1.72 1.89 1.89 1.61 1.95
1.53 1.85 1.88 1.89 1.58 1.88 1.92 1.66 1.65 1.9 1.89 1.87 1.76 1.64
1.74 1.68 1.86 1.86 1.68 1.7 1.73 1.93 1.87 1.78 1.55 1.75 1.66 1.64
1.81 1.8 1.78 1.85 1.91 1.85 1.67 1.81 1.73 1.68 1.62 1.57 1.8 1.54 1.89
1.7 1.88 1.8 1.62 1.88 1.94 1.54 1.84 1.81 1.92 1.71 1.68 1.69 1.79 1.69
1.65 1.71 1.83 1.75 1.93 1.95 1.64 1.66 1.69 1.51 1.68 1.72 1.61 1.94
1.69 1.57 1.78 1.87 1.66 1.88 1.65 1.76 1.6 1.91 1.79 1.84 1.77 1.6 1.56
1.56 1.51 1.77 1.53 1.87 1.6 1.93 1.65 1.5 1.68 1.74 1.55 1.76 1.77 1.6
1.57 1.52 1.85 1.85 1.66 1.71 1.68 1.75 1.9 1.68 1.76 1.73 1.77 1.8 1.75
1.91 1.91 1.59 1.56 1.83 1.94 1.81 1.67 1.58 1.82 1.67 1.92 1.57 1.83
1.65 1.56 1.54 1.65 1.7 1.78 1.74 1.89 1.54 1.83 1.67 1.79 1.83 1.64
1.76 1.73 1.57 1.72 1.94 1.86 1.79 1.51 1.76 1.56 1.67 1.71 1.86 1.71
1.5 1.67 1.74 1.9 1.64 1.92 1.65 1.82 1.87 1.64 1.81 1.84 1.53 1.92 1.81
1.65 1.9 1.61 1.8 1.65 1.8 1.53 1.83 1.82 1.73 1.53 1.61 1.59 1.54 1.65
1.94 1.64 1.61 1.63 1.71 1.7 1.63 1.69 1.71 1.91 1.78 1.83 1.78 1.89 1.7
1.8 1.79 1.72 1.74 1.53 1.79 1.62 1.67 1.67 1.86 1.62 1.84 1.71 1.71
1.54 1.87 1.58 1.52 1.82 1.64 1.65 1.67 1.58 1.5 1.76 1.8 1.71 1.71 1.8
1.56 1.88 1.93 1.82 1.55 1.65 1.94 1.79 1.78 1.88 1.69 1.66 1.78 1.52
1.63 1.51 1.77 1.9 1.65 1.52 1.77 1.68 1.92 1.5 1.75 1.84 1.51 1.91 1.64
1.58 1.74 1.77 1.71 1.78 1.59 1.56 1.81 1.72 1.6 1.86 1.81 1.53 1.6 1.74
1.92 1.61 1.84 1.76 1.69 1.87 1.95 1.57 1.7 1.93 1.8 1.69 1.94 1.62 1.95
1.64 1.92 1.59 1.7 1.79 1.91 1.59 1.73 1.66 1.81 1.67 1.83 1.86 1.57
1.57 1.64 1.72 1.62 1.53 1.54 1.62 1.76 1.68 1.88 1.85 1.91 1.51 1.86
1.79 1.87 1.74 1.89 1.59 1.69 1.86 1.73 1.85 1.74 1.64 1.85 1.77 1.9
1.77 1.74 1.81 1.68 1.65 1.52 1.91 1.85 1.75 1.94 1.84 1.53 1.87 1.76
1.74 1.76 1.77 1.87 1.53 1.79 1.54 1.68 1.89 1.61 1.54 1.53 1.74 1.61
1.75 1.88 1.62 1.88 1.88 1.55 1.77 1.77 1.66 1.53 1.78 1.88 1.72 1.52
1.84 1.88 1.63 1.77 1.94 1.62 1.83 1.86 1.89 1.74 1.94 1.78 1.74 1.86
1.62 1.63 1.78 1.9 1.82 1.65 1.7 1.81 1.67 1.73 1.9 1.92 1.74 1.82 1.88
1.72 1.77 1.73 1.55 1.51 1.59 1.7 1.86 1.89 1.86 1.89 1.67 1.66 1.63
1.72 1.68 1.67 1.52 1.81 1.87 1.72 1.94 1.9 1.72 1.92 1.94 1.63 1.65
1.65 1.87 1.63 1.71 1.79 1.55 1.58 1.74 1.69 1.94 1.59 1.7 1.54 1.76
1.74 1.78 1.56 1.77 1.83 1.57 1.85 1.61 1.56 1.52 1.84 1.76 1.65 1.77
1.75 1.82 1.77 1.59 1.68 1.61 1.9 1.8 1.6 1.67 1.55 1.59 1.78 1.95 1.86
1.56 1.57 1.77 1.8 1.71 1.6 1.91 1.77 1.8 1.51 1.67 1.85 1.94 1.53 1.91
1.51 1.54 1.91 1.88 1.6 1.73 1.68 1.66 1.75 1.73 1.89 1.85 1.51 1.86
1.61 1.86 1.55 1.8 1.54 1.93 1.86 1.54 1.53 1.52 1.92 1.62 1.8 1.73 1.8
1.58 1.63 1.54 1.59 1.84 1.89 1.61 1.57 1.71 1.74 1.76 1.69 1.54 1.95
1.59 1.63 1.68 1.84 1.66 1.51 1.88 1.55 1.68 1.6 1.82 1.6 1.52 1.63 1.72
1.52 1.79 1.55 1.84 1.79 1.88 1.64 1.69 1.63 1.75 1.89 1.58 1.65 1.73
1.79 1.51 1.67 1.51 1.61 1.6 1.87 1.86 1.85 1.74 1.85 1.8 1.59 1.66 1.68
1.94 1.63 1.51 1.65 1.9 1.57 1.63 1.89 1.69 1.85 1.57 1.8 1.78 1.95 1.61
1.86 1.79 1.78 1.57 1.7 1.76 1.55 1.65 1.77 1.62 1.75 1.72 1.65 1.66
1.51 1.75 1.62 1.77 1.73 1.92 1.9 1.63 1.64 1.51 1.73 1.54 1.68 1.91
1.58 1.75 1.52 1.89 1.81 1.69 1.86 1.86 1.62 1.8 1.91 1.67 1.89 1.62
1.61 1.71 1.59 1.61 1.86 1.54 1.75 1.88 1.65 1.83 1.71 1.65 1.62 1.77
1.78 1.7 1.91 1.75 1.94 1.9 1.61 1.77 1.9 1.76 1.59 1.51 1.78 1.8 1.94
1.87 1.82 1.79 1.7 1.57 1.58 1.84 1.52 1.69 1.86 1.8 1.69 1.52 1.71 1.75
1.83 1.83 1.6 1.79 1.91 1.92 1.55 1.75 1.67 1.94 1.63 1.74 1.57 1.83
1.69 1.72 1.59 1.55 1.79 1.62 1.93 1.89 1.95 1.85 1.67 1.64 1.64 1.7
1.58 1.8 1.81 1.51 1.66 1.78 1.7 1.52 1.71 1.64 1.74 1.52 1.58 1.64 1.83
1.67 1.74 1.69 1.5 1.81 1.64 1.9 1.76 1.64 1.9 1.68 1.53 1.72 1.68 1.91
1.69 1.88 1.7 1.86 1.53 1.78 1.77 1.87 1.7 1.73 1.84 1.78 1.71 1.73 1.77
1.85 1.83 1.84 1.8 1.64 1.82 1.94 1.72 1.58 1.55 1.78 1.89 1.71 1.93
1.81 1.58 1.91 1.84 1.69 1.69 1.59 1.91 1.89 1.62 1.83 1.65 1.73 1.82
1.61 1.7 1.77 1.63 1.59 1.8 1.75 1.86 1.52 1.9 1.6 1.58 1.6 1.73 1.91
1.82 1.61 1.68 1.71 1.52 1.8 1.92 1.66 1.7 1.79 1.68 1.93 1.88 1.84 1.8
1.76 1.68 1.69 1.66 1.71 1.67 1.5 1.81 1.87 1.88 1.66 1.94 1.84 1.59
1.67 1.66 1.66 1.88 1.76 1.75 1.54 1.89 1.86 1.82 1.8 1.78 1.79 1.69 1.9
1.91 1.57 1.76 1.86 1.71 1.61 1.84 1.55 1.52 1.54 1.72 1.82 1.61 1.73
1.62 1.63 1.57 1.93 1.77 1.88 1.61 1.81 1.64 1.72 1.53 1.89 1.86 1.85
1.75 1.75 1.56 1.86 1.56 1.72 1.77 1.72 1.8 1.61 1.59 1.68 1.79 1.54
1.82 1.72 1.61 1.52 1.85 1.55 1.6 1.64 1.76 1.6 1.62 1.52 1.61 1.87 1.58
1.95 1.94 1.7 1.8 1.59 1.89 1.9 1.94 1.51 1.75 1.51 1.81 1.62 1.85 1.52
1.73 1.56 1.73 1.68 1.77 1.68 1.76 1.86 1.86 1.66 1.62 1.9 1.62 1.53
1.65 1.9 1.92 1.55 1.63 1.54 1.85 1.59 1.84 1.73 1.7 1.74 1.94 1.63 1.92
1.91 1.81 1.58 1.55 1.68 1.56 1.93 1.66 1.91 1.77 1.87 1.76 1.87 1.76
1.82 1.86 1.61 1.84 1.59 1.55 1.69 1.58 1.84 1.78 1.63 1.95 1.73 1.62
1.62 1.92 1.68 1.71 1.74 1.71 1.67 1.6 1.51 1.63 1.85 1.55 1.76 1.68 1.9
1.73 1.65 1.57 1.71 1.51 1.65 1.93 1.62 1.67 1.84 1.93 1.5 1.75 1.71
1.95 1.62 1.9 1.91 1.57 1.95 1.68 1.77 1.76 1.76 1.88 1.62 1.59 1.72
1.84 1.61 1.84 1.68 1.94 1.86 1.69 1.8 1.56 1.58 1.72 1.91 1.55 1.64
1.87 1.5 1.6 1.74 1.62 1.6 1.51 1.6 1.81 1.66 1.74 1.82 1.66 1.52 1.7
1.56 1.59 1.8 1.95 1.75 1.77 1.91 1.95 1.85 1.53 1.81 1.94 1.81 1.54
1.64 1.56 1.75 1.81 1.91 1.74 1.86 1.79 1.89 1.77 1.6 1.92 1.76 1.61
1.66 1.87 1.53 1.52 1.73 1.89 1.74 1.71 1.53 1.86 1.89 1.79 1.95 1.81
1.75 1.8 1.66 1.84 1.69 1.68 1.5 1.81 1.68 1.65 1.77 1.86 1.56 1.58 1.72
1.74 1.58 1.64 1.68 1.66 1.79 1.88 1.62 1.71 1.9 1.51 1.92 1.59 1.55
1.56 1.53 1.87 1.77 1.63 1.9 1.56 1.9 1.64 1.67 1.87 1.91 1.82 1.92 1.59
1.51 1.52 1.6 1.67 1.54 1.78 1.79 1.87 1.67 1.54 1.62 1.55 1.64 1.77
1.69 1.94 1.77 1.56 1.58 1.9 1.76 1.85 1.57 1.92 1.73 1.88 1.75 1.54
1.69 1.88 1.93 1.6 1.54 1.67 1.63 1.95 1.66 1.77 1.76 1.72 1.58 1.71
1.85 1.74 1.68 1.64 1.8 1.59 1.66 1.78 1.53 1.53 1.89 1.9 1.5 1.88 1.7
1.76 1.59 1.75 1.9 1.76 1.89 1.8 1.72 1.51 1.82 1.67 1.55 1.8 1.55 1.56
1.62 1.9 1.79 1.64 1.64 1.56 1.91 1.7 1.57 1.69 1.63 1.54 1.87 1.58 1.73
1.91 1.65 1.62 1.62 1.83 1.91 1.64 1.7 1.81 1.67 1.94 1.68 1.64 1.81
1.55 1.66 1.58 1.81 1.65 1.55 1.86 1.64 1.76 1.64 1.63 1.86 1.71 1.82
1.76 1.75 1.75 1.64 1.75 1.94 1.82 1.75 1.72 1.9 1.71 1.75 1.51 1.74 1.6
1.83 1.62 1.84 1.87 1.69 1.76 1.59 1.72 1.74 1.71 1.68 1.59 1.88 1.93
1.75 1.52 1.77 1.82 1.7 1.92 1.92 1.54 1.95 1.89 1.52 1.76 1.81 1.87
1.77 1.91 1.91 1.59 1.51 1.66 1.54 1.9 1.76 1.55 1.88 1.89 1.63 1.75
1.95 1.51 1.75 1.63 1.74 1.8 1.55 1.94 1.86 1.57 1.68 1.6 1.58 1.52 1.67
1.94 1.6 1.91 1.73 1.89 1.55 1.8 1.87 1.64 1.56 1.67 1.62 1.76 1.72 1.81
1.53 1.84 1.85 1.73 1.8 1.72 1.74 1.74 1.81 1.81 1.7 1.89 1.87 1.83 1.75
1.69 1.53 1.78 1.88 1.83 1.92 1.92 1.69 1.5 1.79 1.82 1.66 1.67 1.58 1.8
1.55 1.63 1.63 1.72 1.66 1.79 1.86 1.72 1.61 1.75 1.58 1.78 1.71 1.63
1.81 1.74 1.6 1.79 1.89 1.71 1.64 1.57 1.86 1.7 1.86 1.65 1.7 1.87 1.73
1.62 1.64 1.81 1.89 1.62 1.77 1.75 1.85 1.71 1.55 1.51 1.63 1.89 1.53
1.75 1.53 1.55 1.87 1.62 1.82 1.53 1.8 1.69 1.82 1.52 1.89 1.62 1.67
1.59 1.91 1.64 1.85 1.78 1.56 1.67 1.64 1.6 1.87 1.68 1.77 1.56 1.6 1.9
1.81 1.55 1.51 1.59 1.92 1.59 1.59 1.85 1.55 1.92 1.7 1.72 1.8 1.6 1.59
1.51 1.73 1.67 1.76 1.72 1.62 1.5 1.92 1.55 1.7 1.85 1.91 1.81 1.55 1.77
1.8 1.57 1.95 1.78 1.55 1.71 1.66 1.52 1.59 1.8 1.8 1.57 1.72 1.78 1.78
1.69 1.55 1.64 1.6 1.57 1.84 1.67 1.65 1.71 1.89 1.94 1.59 1.93 1.68
1.62 1.65 1.54 1.62 1.58 1.84 1.87 1.82 1.57 1.71 1.68 1.6 1.61 1.59
1.64 1.56 1.64 1.59 1.56 1.8 1.58 1.92 1.93 1.61 1.94 1.65 1.51 1.94
1.89 1.61 1.92 1.57 1.69 1.84 1.59 1.53 1.59 1.87 1.62 1.63 1.61 1.55
1.62 1.5 1.61 1.91 1.54 1.6 1.85 1.86 1.77 1.78 1.77 1.58 1.6 1.51 1.53
1.65 1.89 1.52 1.67 1.79 1.91 1.58 1.73 1.72 1.67 1.52 1.59 1.66 1.77
1.62 1.75 1.61 1.86 1.63 1.92 1.63 1.92 1.87 1.57 1.65 1.89 1.55 1.93
1.92 1.82 1.83 1.86 1.56 1.91 1.65 1.64 1.76 1.75 1.69 1.83 1.78 1.51
1.77 1.91 1.54 1.53 1.56 1.78 1.63 1.52 1.81 1.85 1.56 1.85 1.57 1.84
1.8 1.53 1.8 1.55 1.89 1.92 1.9 1.82 1.89 1.69 1.88 1.55 1.65 1.77 1.55
1.52 1.53 1.85 1.67 1.9 1.6 1.52 1.69 1.7 1.57 1.65 1.66 1.59 1.59 1.74
1.82 1.93 1.56 1.51 1.57 1.61 1.72 1.64 1.52 1.57 1.84 1.82 1.9 1.52
1.67 1.55 1.74 1.6 1.58 1.52 1.52 1.83 1.93 1.66 1.67 1.78 1.82 1.88
1.51 1.79 1.91 1.94 1.73 1.77 1.74 1.68 1.94 1.91 1.94 1.78 1.88 1.61
1.9 1.5 1.53 1.81 1.55 1.72 1.71 1.5 1.59 1.86 1.61 1.67 1.89 1.65 1.61
1.86 1.65 1.91 1.72 1.63 1.63 1.9 1.61 1.72 1.53 1.59 1.84 1.67 1.56
1.62 1.52 1.69 1.81 1.69 1.78 1.76 1.69 1.87 1.59 1.56 1.57 1.73 1.7
1.65 1.76 1.84 1.91 1.51 1.58 1.83 1.95 1.76 1.68 1.73 1.57 1.87 1.68
1.9 1.65 1.82 1.8 1.66 1.8 1.55 1.69 1.93 1.77 1.53 1.51 1.52 1.82 1.68
1.82 1.74 1.79 1.53 1.87 1.86 1.55 1.72 1.82 1.94 1.76 1.76 1.87 1.94
1.84 1.56 1.55 1.57 1.54 1.53 1.52 1.88 1.87 1.51 1.56 1.59 1.76 1.82
1.75 1.69 1.78 1.86 1.95 1.9 1.88 1.91 1.94 1.75 1.72 1.7 1.65 1.77 1.92
1.93 1.69 1.92 1.8 1.84 1.51 1.85 1.64 1.63 1.94 1.9 1.64 1.55 1.5 1.92
1.59 1.7 1.58 1.55 1.82 1.94 1.65 1.59 1.87 1.71 1.75 1.64 1.68 1.76
1.85 1.54 1.79 1.94 1.84 1.63 1.64 1.9 1.7 1.65 1.85 1.9 1.72 1.6 1.93
1.56 1.69 1.8 1.59 1.74 1.9 1.55 1.51 1.73 1.54 1.66 1.64 1.64 1.61 1.89
1.53 1.71 1.82 1.87 1.73 1.94 1.58 1.85 1.51 1.6 1.58 1.82 1.9 1.58 1.73
1.57 1.6 1.56 1.53 1.76 1.56 1.54 1.69 1.78 1.63 1.51 1.57 1.57 1.92
1.68 1.68 1.77 1.9 1.59 1.91 1.92 1.89 1.63 1.72 1.92 1.51 1.61 1.62
1.76 1.89 1.58 1.81 1.63 1.76 1.68 1.74 1.54 1.69 1.58 1.91 1.76 1.87
1.89 1.55 1.56 1.73 1.5 1.54 1.66 1.94 1.83 1.62 1.66 1.52 1.55 1.78
1.56 1.87 1.64 1.68 1.74 1.78 1.73 1.95 1.56 1.51 1.64 1.92 1.64 1.51
1.89 1.58 1.85 1.63 1.93 1.69 1.8 1.84 1.54 1.82 1.59 1.85 1.58 1.85
1.68 1.9 1.54 1.68 1.79 1.75 1.52 1.86 1.58 1.91 1.94 1.75 1.9 1.72 1.76
1.57 1.61 1.68 1.63 1.89 1.66 1.67 1.83 1.53 1.94 1.83 1.59 1.66 1.95
1.87 1.75 1.57 1.83 1.52 1.69 1.52 1.7 1.74 1.65 1.74 1.84 1.72 1.9 1.82
1.73 1.74 1.89 1.84 1.59 1.62 1.7 1.78 1.61 1.73 1.74 1.71 1.93 1.65
1.66 1.51 1.73 1.88 1.66 1.71 1.77 1.77 1.57 1.93 1.82 1.67 1.92 1.84
1.67 1.57 1.76 1.63 1.58 1.71 1.51 1.73 1.55 1.94 1.53 1.71 1.8 1.65
1.57 1.59 1.54 1.51 1.55 1.86 1.79 1.79 1.83 1.89 1.61 1.64 1.68 1.56
1.79 1.66 1.62 1.76 1.86 1.78 1.58 1.72 1.72 1.9 1.58 1.7 1.6 1.78 1.6
1.83 1.76 1.76 1.56 1.55 1.8 1.57 1.64 1.92 1.63 1.64 1.82 1.55 1.82
1.74 1.67 1.67 1.54 1.62 1.9 1.66 1.82 1.83 1.63 1.63 1.77 1.83 1.66
1.65 1.76 1.56 1.68 1.55 1.69 1.55 1.68 1.66 1.92 1.59 1.78 1.85 1.88
1.89 1.93 1.72 1.54 1.83 1.63 1.8 1.93 1.59 1.77 1.74 1.67 1.58 1.94
1.84 1.68 1.73 1.79 1.84 1.91 1.69 1.83 1.84 1.84 1.93 1.6 1.94 1.62
1.52 1.91 1.62 1.52 1.9 1.55 1.92 1.55 1.84 1.5 1.86 1.84 1.89 1.75 1.55
1.72 1.79 1.56 1.88 1.8 1.87 1.73 1.67 1.56 1.9 1.83 1.51 1.92 1.69 1.75
1.89 1.79 1.9 1.86 1.58 1.86 1.87 1.81 1.63 1.52 1.54 1.68 1.9 1.66 1.77
1.53 1.91 1.68 1.79 1.77 1.67 1.94 1.6 1.8 1.52 1.61 1.74 1.74 1.66 1.62
1.68 1.53 1.81 1.52 1.73 1.93 1.57 1.62 1.66 1.69 1.75 1.56 1.64 1.82
1.9 1.81 1.93 1.68 1.5 1.58 1.62 1.53 1.51 1.53 1.52 1.94 1.61 1.77 1.51
1.75 1.62 1.52 1.51 1.78 1.91 1.92 1.79 1.69 1.66 1.55 1.69 1.5 1.85
1.52 1.56 1.66 1.54 1.65 1.79 1.7 1.52 1.54 1.79 1.9 1.84 1.85 1.66 1.58
1.81 1.53 1.65 1.77 1.87 1.73 1.65 1.78 1.67 1.88 1.51 1.75 1.78 1.66
1.72 1.79 1.65 1.59 1.63 1.54 1.68 1.87 1.51 1.93 1.7 1.78 1.56 1.52
1.71 1.55 1.64 1.91 1.91 1.77 1.77 1.93 1.59 1.82 1.88 1.79 1.9 1.51
1.56 1.69 1.91 1.78 1.84 1.57 1.63 1.59 1.55 1.56 1.5 1.58 1.52 1.51
1.95 1.7 1.73 1.72 1.84 1.58 1.66 1.62 1.57 1.83 1.72 1.61 1.66 1.88
1.82 1.54 1.9 1.73 1.56 1.54 1.86 1.62 1.53 1.85 1.62 1.86 1.88 1.65 1.8
1.78 1.91 1.63 1.82 1.53 1.77 1.62 1.64 1.8 1.7 1.8 1.93 1.59 1.85 1.74
1.53 1.88 1.75 1.82 1.53 1.53 1.68 1.88 1.53 1.6 1.85 1.55 1.82 1.52 1.9
1.91 1.81 1.82 1.53 1.7 1.68 1.69 1.75 1.77 1.54 1.67 1.74 1.9 1.56 1.74
1.55 1.84 1.75 1.55 1.65 1.84 1.57 1.65 1.74 1.67 1.59 1.95 1.75 1.57
1.56 1.52 1.93 1.66 1.54 1.92 1.75 1.76 1.56 1.9 1.85 1.51 1.87 1.62 1.8
1.53 1.56 1.92 1.94 1.87 1.92 1.53 1.65 1.93 1.88 1.81 1.86 1.64 1.52
1.73 1.58 1.59 1.51 1.88 1.95 1.69 1.58 1.74 1.93 1.55 1.64 1.92 1.87
1.58 1.71 1.79 1.54 1.89 1.58 1.61 1.7 1.66 1.73 1.67 1.72 1.86 1.81
1.74 1.77 1.54 1.72 1.88 1.92 1.89 1.9 1.68 1.59 1.73 1.83 1.72 1.91
1.64 1.73 1.79 1.82 1.94 1.65 1.6 1.57 1.5 1.76 1.65 1.82 1.78 1.52 1.92
1.8 1.56 1.91 1.62 1.52 1.87 1.74 1.82 1.78 1.83 1.84 1.95 1.87 1.55
1.78 1.88 1.61 1.59 1.72 1.78 1.8 1.87 1.62 1.75 1.73 1.84 1.65 1.81
1.75 1.54 1.77 1.82 1.73 1.68 1.55 1.51 1.79 1.75 1.84 1.71 1.61 1.75
1.77 1.89 1.95 1.85 1.7 1.7 1.85 1.6 1.54 1.58 1.6 1.9 1.71 1.76 1.75
1.77 1.91 1.6 1.72 1.61 1.77 1.56 1.5 1.92 1.7 1.79 1.53 1.82 1.79 1.9
1.87 1.76 1.68 1.51 1.62 1.78 1.89 1.75 1.64 1.94 1.72 1.81 1.82 1.55
1.82 1.85 1.8 1.54 1.82 1.78 1.79 1.52 1.57 1.91 1.66 1.79 1.87 1.55
1.63 1.52 1.75 1.75 1.92 1.88 1.53 1.78 1.93 1.58 1.82 1.77 1.89 1.86
1.83 1.68 1.89 1.56 1.8 1.71 1.88 1.62 1.54 1.85 1.87 1.73 1.51 1.53 1.9
1.92 1.83 1.56 1.6 1.85 1.71 1.77 1.92 1.77 1.61 1.89 1.79 1.71 1.84
1.71 1.52 1.57 1.72 1.76 1.63 1.5 1.63 1.85 1.52 1.74 1.65 1.75 1.75
1.77 1.57 1.83 1.9 1.68 1.55 1.67 1.72 1.9 1.58 1.56 1.57 1.83 1.93 1.73
1.78 1.59 1.88 1.78 1.89 1.7 1.74 1.55 1.87 1.74 1.55 1.94 1.84 1.95
1.88 1.68 1.83 1.64 1.86 1.61 1.75 1.92 1.78 1.81 1.92 1.57 1.51 1.81
1.74 1.61 1.92 1.63 1.6 1.77 1.57 1.5 1.67 1.78 1.91 1.56 1.52 1.58 1.88
1.75 1.54 1.53 1.78 1.5 1.81 1.81 1.86 1.64 1.54 1.61 1.62 1.65 1.84
1.77 1.59 1.71 1.54 1.61 1.59 1.93 1.91 1.64 1.54 1.58 1.68 1.64 1.5
1.95 1.68 1.63 1.64 1.58 1.72 1.85 1.9 1.94 1.69 1.78 1.92 1.55 1.76
1.79 1.51 1.9 1.77 1.57 1.64 1.95 1.88 1.81 1.86 1.6 1.78 1.59 1.64 1.75
1.76 1.57 1.6 1.57 1.68 1.83 1.63 1.91 1.54 1.92 1.67 1.81 1.83 1.51
1.72 1.62 1.9 1.7 1.51 1.53 1.9 1.89 1.58 1.59 1.64 1.83 1.55 1.58 1.55
1.84 1.76 1.75 1.73 1.65 1.86 1.93 1.7 1.69 1.74 1.83 1.88 1.82 1.93
1.76 1.89 1.76 1.85 1.61 1.77 1.68 1.73 1.68 1.73 1.52 1.9 1.74 1.66
1.64 1.7 1.55 1.69 1.68 1.74 1.54 1.56 1.79 1.51 1.6 1.66 1.85 1.77 1.75
1.5 1.81 1.93 1.74 1.91 1.9 1.76 1.64 1.61 1.65 1.68 1.79 1.84 1.5 1.93
1.92 1.88 1.91 1.81 1.9 1.75 1.51 1.65 1.83 1.8 1.8 1.54 1.84 1.81 1.82
1.6 1.88 1.51 1.64 1.63 1.88 1.65 1.94 1.6 1.59 1.64 1.59 1.73 1.7 1.89
1.83 1.83 1.6 1.83 1.61 1.55 1.85 1.68 1.76 1.92 1.79 1.93 1.78 1.83
1.77 1.64 1.57 1.7 1.7 1.55 1.66 1.58 1.58 1.81 1.5 1.66 1.55 1.64 1.77
1.52 1.72 1.68 1.61 1.89 1.83 1.58 1.5 1.8 1.62 1.56 1.72 1.88 1.82 1.85
1.55 1.73 1.78 1.82 1.71 1.92 1.92 1.7 1.62 1.77 1.62 1.61 1.54 1.68
1.71 1.74 1.93 1.73 1.92 1.91 1.55 1.9 1.68 1.55 1.52 1.58 1.91 1.8 1.84
1.89 1.59 1.76 1.71 1.66 1.82 1.53 1.6 1.88 1.82 1.65 1.72 1.91 1.59
1.68 1.71 1.59 1.5 1.8 1.81 1.73 1.59 1.85 1.72 1.66 1.55 1.61 1.66 1.64
1.72 1.68 1.72 1.91 1.95 1.92 1.87 1.57 1.51 1.64 1.53 1.59 1.74 1.67
1.58 1.92 1.81 1.86 1.78 1.5 1.71 1.66 1.68 1.74 1.8 1.62 1.76 1.81 1.92
1.67 1.68 1.85 1.84 1.82 1.81 1.89 1.91 1.87 1.7 1.57 1.69 1.56 1.55 1.7
1.86 1.54 1.76 1.72 1.79 1.94 1.65 1.86 1.89 1.76 1.85 1.52 1.7 1.84
1.62 1.82 1.6 1.89 1.69 1.57 1.87 1.57 1.88 1.81 1.83 1.87 1.65 1.53
1.55 1.63 1.68 1.64 1.93 1.81 1.84 1.95 1.66 1.62 1.51 1.73 1.59 1.81
1.51 1.8 1.73 1.76 1.72 1.93 1.86 1.71 1.74 1.91 1.9 1.57 1.66 1.64 1.9
1.66 1.51 1.62 1.72 1.63 1.54 1.67 1.62 1.6 1.93 1.85 1.55 1.54 1.69 1.7
1.85 1.81 1.71 1.79 1.53 1.7 1.87 1.69 1.51 1.9 1.65 1.68 1.57 1.75 1.91
1.63 1.75 1.54 1.91 1.64 1.71 1.94 1.73 1.71 1.51 1.86 1.69 1.89 1.9
1.55 1.82 1.51 1.73 1.68 1.64 1.93 1.64 1.8 1.85 1.61 1.81 1.62 1.58
1.82 1.64 1.63 1.95 1.63 1.62 1.62 1.76 1.58 1.66 1.51 1.69 1.77 1.67
1.63 1.86 1.57 1.67 1.73 1.73 1.85 1.84 1.83 1.55 1.72 1.65 1.69 1.55
1.93 1.68 1.71 1.69 1.8 1.94 1.92 1.8 1.63 1.93 1.57 1.66 1.51 1.95 1.59
1.78 1.81 1.58 1.67 1.55 1.72 1.63 1.63 1.92 1.9 1.75 1.94 1.6 1.77 1.58
1.89 1.6 1.65 1.64 1.54 1.92 1.72 1.52 1.72 1.78 1.65 1.79 1.55 1.85
1.61 1.66 1.63 1.53 1.66 1.58 1.83 1.76 1.86 1.82 1.65 1.85 1.91 1.9
1.53 1.78 1.9 1.82 1.83 1.53 1.79 1.66 1.53 1.7 1.58 1.74 1.87 1.82 1.84
1.73 1.64 1.82 1.69 1.57 1.71 1.69 1.58 1.68 1.54 1.53 1.57 1.54 1.52
1.51 1.72 1.68 1.6 1.61 1.67 1.76 1.51 1.56 1.65 1.8 1.58 1.6 1.64 1.56
1.87 1.56 1.64 1.76 1.51 1.72 1.69 1.81 1.67 1.51 1.53 1.57 1.88 1.8
1.51 1.86 1.68 1.88 1.54 1.51 1.86 1.56 1.62 1.5 1.54 1.55 1.63 1.59
1.61 1.69 1.66 1.52 1.92 1.85 1.87 1.8 1.76 1.63 1.68 1.94 1.58 1.76 1.7
1.57 1.89 1.63 1.76 1.83 1.62 1.72 1.6 1.91 1.85 1.61 1.55 1.87 1.9 1.62
1.77 1.75 1.92 1.83 1.89 1.74 1.79 1.93 1.72 1.93 1.54 1.93 1.51 1.84
1.63 1.83 1.88 1.62 1.53 1.84 1.52 1.77 1.55 1.89 1.75 1.91 1.9 1.53
1.87 1.77 1.79 1.67 1.65 1.63 1.92 1.89 1.78 1.52 1.83 1.65 1.6 1.74 1.8
1.77 1.62 1.77 1.84 1.83 1.65 1.77 1.6 1.86 1.81 1.6 1.52 1.75 1.56 1.62
1.85 1.84 1.9 1.59 1.73 1.89 1.76 1.85 1.62 1.74 1.54 1.6 1.63 1.81 1.79
1.91 1.62 1.66 1.71 1.69 1.86 1.9 1.81 1.91 1.89 1.69 1.91 1.72 1.57
1.88 1.92 1.58 1.83 1.51 1.77 1.83 1.86 1.83 1.67 1.91 1.93 1.64 1.68
1.89 1.55 1.86 1.72 1.52 1.76 1.81 1.83 1.64 1.57 1.83 1.84 1.82 1.88
1.79 1.72 1.55 1.64 1.57 1.58 1.51 1.71 1.61 1.5 1.91 1.74 1.58 1.79
1.73 1.76 1.59 1.76 1.74 1.92 1.68 1.75 1.77 1.7 1.87 1.66 1.51 1.93
1.75 1.86 1.94 1.52 1.61 1.9 1.51 1.74 1.8 1.58 1.88 1.72 1.66 1.53 1.88
1.51 1.64 1.53 1.8 1.92 1.93 1.58 1.72 1.68 1.77 1.66 1.72 1.94 1.54
1.52 1.77 1.76 1.62 1.81 1.68 1.59 1.91 1.6 1.77 1.61 1.63 1.61 1.5 1.78
1.65 1.51 1.59 1.54 1.64 1.73 1.6 1.68 1.88 1.7 1.65 1.75 1.62 1.73 1.69
1.7 1.56 1.83 1.6 1.67 1.6 1.71 1.87 1.55 1.88 1.92 1.64 1.72 1.64 1.69
1.66 1.92 1.6 1.75 1.93 1.84 1.61 1.52 1.8 1.8 1.53 1.88 1.75 1.85 1.59
1.83 1.87 1.66 1.69 1.83 1.8 1.83 1.73 1.72 1.76 1.94 1.69 1.77 1.82
1.79 1.7 1.78 1.85 1.85 1.51 1.64 1.71 1.77 1.67 1.63 1.71 1.68 1.59
1.74 1.82 1.92 1.82 1.75 1.77 1.74 1.7 1.63 1.81 1.6 1.56 1.8 1.67 1.92
1.77 1.93 1.62 1.67 1.58 1.61 1.64 1.83 1.92 1.66 1.81 1.52 1.89 1.86
1.85 1.93 1.52 1.58 1.88 1.75 1.5 1.92 1.53 1.56 1.55 1.61 1.92 1.92
1.72 1.72 1.7 1.78 1.7 1.88 1.68 1.78 1.69 1.74 1.91 1.53 1.63 1.71 1.82
1.69 1.65 1.88 1.85 1.79 1.51 1.86 1.94 1.87 1.94 1.53 1.84 1.57 1.84
1.62 1.87 1.86 1.75 1.65 1.75 1.74 1.71 1.56 1.65 1.69 1.8 1.57 1.55
1.79 1.78 1.6 1.75 1.93 1.57 1.71 1.9 1.66 1.83 1.82 1.6 1.63 1.81 1.76
1.56 1.93 1.94 1.83 1.66 1.73 1.89 1.72 1.69 1.85 1.53 1.56 1.63 1.63
1.53 1.53 1.82 1.81 1.88 1.9 1.71 1.77 1.9 1.67 1.82 1.59 1.67 1.56 1.92
1.68 1.83 1.75 1.83 1.76 1.56 1.51 1.57 1.54 1.67 1.55 1.73 1.57 1.67
1.68 1.95 1.94 1.82 1.55 1.51 1.85 1.68 1.93 1.9 1.62 1.88 1.71 1.72
1.83 1.76 1.86 1.87 1.61 1.63 1.76 1.83 1.89 1.75 1.5 1.56 1.89 1.84
1.65 1.61 1.52 1.66 1.79 1.52 1.52 1.67 1.57 1.61 1.71 1.82 1.85 1.9
1.56 1.56 1.59 1.68 1.51 1.5 1.84 1.78 1.53 1.63 1.84 1.59 1.83 1.56
1.72 1.63 1.67 1.63 1.56 1.54 1.85 1.78 1.84 1.83 1.81 1.68 1.69 1.89
1.82 1.68 1.71 1.73 1.7 1.55 1.72 1.71 1.89 1.65 1.7 1.88 1.71 1.56 1.51
1.66 1.62 1.69 1.6 1.65 1.54 1.87 1.73 1.82 1.7 1.57 1.59 1.65 1.81 1.72
1.56 1.58 1.5 1.82 1.92 1.74 1.83 1.71 1.9 1.65 1.66 1.66 1.67 1.66 1.72
1.53 1.9 1.57 1.95 1.87 1.57 1.57 1.66 1.64 1.72 1.81 1.94 1.9 1.57 1.92
1.54 1.55 1.7 1.76 1.64 1.62 1.64 1.6 1.72 1.7 1.51 1.91 1.72 1.9 1.89
1.86 1.94 1.76 1.88 1.84 1.72 1.73 1.86 1.8 1.67 1.85 1.62 1.54 1.89
1.56 1.53 1.8 1.95 1.85 1.51 1.65 1.57 1.86 1.63 1.79 1.88 1.64 1.63
1.69 1.89 1.63 1.54 1.52 1.91 1.82 1.52 1.54 1.53 1.78 1.75 1.87 1.56
1.9 1.84 1.62 1.71 1.8 1.63 1.62 1.85 1.83 1.71 1.94 1.72 1.8 1.85 1.7
1.66 1.52 1.58 1.71 1.93 1.64 1.91 1.64 1.74 1.81 1.78 1.73 1.93 1.8
1.89 1.64 1.54 1.78 1.84 1.57 1.62 1.71 1.73 1.87 1.53 1.77 1.91 1.89
1.86 1.72 1.68 1.61 1.51 1.61 1.74 1.86 1.92 1.79 1.75 1.55 1.64 1.88
1.51 1.82 1.61 1.88 1.83 1.85 1.54 1.59 1.95 1.85 1.66 1.57 1.52 1.77
1.79 1.76 1.57 1.92 1.78 1.53 1.69 1.88 1.69 1.9 1.72 1.73 1.9 1.57 1.61
1.57 1.53 1.53 1.55 1.75 1.6 1.53 1.55 1.95 1.68 1.93 1.78 1.72 1.9 1.79
1.51 1.88 1.73 1.53 1.62 1.55 1.87 1.82 1.78 1.51 1.92 1.94 1.55 1.66
1.93 1.61 1.85 1.87 1.94 1.61 1.54 1.53 1.51 1.71 1.89 1.9 1.9 1.71 1.73
1.92 1.75 1.62 1.76 1.75 1.74 1.8 1.83 1.59 1.83 1.8 1.6 1.61 1.67 1.85
1.85 1.8 1.74 1.68 1.53 1.73 1.67 1.91 1.76 1.66 1.73 1.52 1.71 1.9 1.85
1.59 1.54 1.83 1.68 1.56 1.81 1.68 1.81 1.89 1.55 1.59 1.77 1.51 1.55
1.78 1.83 1.53 1.68 1.9 1.85 1.68 1.85 1.67 1.82 1.6 1.75 1.57 1.55 1.66
1.62 1.81 1.72 1.62 1.56 1.94 1.55 1.82 1.72 1.65 1.62 1.78 1.85 1.83
1.71 1.64 1.65 1.64 1.79 1.54 1.61 1.66 1.52 1.89 1.5 1.93 1.74 1.82
1.86 1.81 1.94 1.95 1.71 1.94 1.79 1.78 1.72 1.55 1.68 1.94 1.64 1.58
1.92 1.78 1.89 1.81 1.6 1.78 1.74 1.72 1.77 1.74 1.54 1.75 1.76 1.58
1.75 1.74 1.9 1.56 1.67 1.62 1.87 1.65 1.75 1.59 1.57 1.88 1.59 1.65
1.72 1.5 1.83 1.76 1.92 1.56 1.62 1.67 1.79 1.74 1.57 1.88 1.78 1.91
1.52 1.85 1.91 1.78 1.67 1.91 1.8 1.72 1.62 1.86 1.6 1.77 1.93 1.55 1.84
1.81 1.71 1.86 1.53 1.84 1.8 1.62 1.67 1.91 1.72 1.87 1.55 1.54 1.76
1.81 1.72 1.82 1.94 1.86 1.89 1.52 1.61 1.66 1.73 1.56 1.59 1.75 1.63
1.94 1.54 1.94 1.74 1.76 1.58 1.81 1.88 1.58 1.81 1.6 1.87 1.65 1.76
1.58 1.67 1.66 1.78 1.71 1.64 1.94 1.51 1.9 1.85 1.52 1.59 1.91 1.51 1.9
1.87 1.77 1.93 1.93 1.53 1.8 1.65 1.84 1.52 1.51 1.59 1.69 1.8 1.8 1.53
1.69 1.61 1.8 1.61 1.69 1.67 1.52 1.7 1.68 1.8 1.67 1.88 1.53 1.77 1.63
1.69 1.69 1.92 1.65 1.72 1.79 1.59 1.79 1.77 1.57 1.68 1.54 1.56 1.73
1.51 1.62 1.78 1.77 1.94 1.67 1.75 1.63 1.78 1.9 1.66 1.8 1.84 1.7 1.77
1.71 1.89 1.78 1.81 1.54 1.82 1.74 1.68 1.84 1.85 1.67 1.81 1.91 1.86
1.64 1.66 1.64 1.8 1.63 1.8 1.79 1.77 1.6 1.9 1.89 1.52 1.93 1.75 1.53
1.6 1.67 1.87 1.77 1.94 1.75 1.78 1.92 1.54 1.84 1.85 1.73 1.9 1.65 1.56
1.89 1.77 1.55 1.67 1.92 1.91 1.63 1.67 1.57 1.67 1.71 1.65 1.59 1.81
1.69 1.67 1.61 1.64 1.79 1.59 1.81 1.54 1.77 1.67 1.57 1.53 1.63 1.92
1.67 1.87 1.88 1.8 1.71 1.87 1.77 1.9 1.7 1.76 1.73 1.6 1.84 1.64 1.88
1.68 1.62 1.93 1.65 1.66 1.89 1.74 1.59 1.72 1.57 1.84 1.9 1.77 1.56
1.82 1.71 1.69 1.72 1.93 1.59 1.6 1.86 1.5 1.78 1.9 1.86 1.69 1.69 1.77
1.57 1.62 1.84 1.72 1.63 1.83 1.76 1.62 1.59 1.72 1.58 1.7 1.84 1.75 1.7
1.81 1.8 1.54 1.94 1.7 1.89 1.84 1.74 1.5 1.52 1.77 1.76 1.57 1.63 1.89
1.62 1.87 1.77 1.51 1.61 1.9 1.53 1.92 1.66 1.66 1.79 1.51 1.61 1.85 1.8
1.64 1.77 1.6 1.64 1.6 1.75 1.76 1.78 1.57 1.6 1.72 1.68 1.52 1.59 1.78
1.65 1.6 1.5 1.58 1.89 1.62 1.89 1.79 1.54 1.81 1.95 1.71 1.53 1.64 1.6
1.93 1.53 1.6 1.51 1.82 1.69 1.64 1.88 1.84 1.76 1.56 1.56 1.89 1.71
1.87 1.6 1.73 1.73 1.83 1.81 1.76 1.86 1.52 1.82 1.68 1.71 1.61 1.86 1.8
1.52 1.87 1.52 1.91 1.54 1.82 1.55 1.95 1.52 1.82 1.94 1.68 1.7 1.94
1.92 1.82 1.5 1.69 1.53 1.85 1.77 1.88 1.53 1.93 1.91 1.95 1.73 1.8 1.9
1.9 1.73 1.82 1.59 1.95 1.93 1.55 1.56 1.65 1.74 1.54 1.56 1.82 1.68
1.58 1.72 1.81 1.65 1.74 1.81 1.65 1.69 1.82 1.65 1.6 1.65 1.77 1.58
1.52 1.93 1.58 1.8 1.76 1.57 1.75 1.77 1.55 1.6 1.72 1.73 1.91 1.58 1.64
1.78 1.54 1.74 1.91 1.72 1.69 1.77 1.63 1.92 1.71 1.5 1.72 1.85 1.75
1.73 1.66 1.54 1.87 1.59 1.64 1.7 1.51 1.84 1.62 1.74 1.58 1.53 1.89
1.62 1.9 1.63 1.52 1.93 1.8 1.87 1.95 1.53 1.86 1.64 1.75 1.83 1.94 1.56
1.74 1.87 1.54 1.93 1.66 1.85 1.87 1.9 1.78 1.82 1.76 1.52 1.69 1.87
1.69 1.69 1.67 1.7 1.57 1.77 1.78 1.77 1.58 1.83 1.57 1.6 1.89 1.7 1.7
1.85 1.57 1.78 1.84 1.89 1.66 1.63 1.53 1.55 1.64 1.55 1.91 1.9 1.58
1.66 1.85 1.77 1.63 1.56 1.84 1.88 1.63 1.72 1.86 1.92 1.89 1.59 1.82
1.73 1.58 1.8 1.86 1.73 1.93 1.84 1.66 1.9 1.78 1.93 1.84 1.77 1.73 1.6
1.58 1.76 1.66 1.83 1.56 1.62 1.84 1.56 1.71 1.68 1.93 1.63 1.57 1.6
1.63 1.81 1.92 1.63 1.52 1.84 1.65 1.75 1.62 1.78 1.61 1.82 1.51 1.91
1.84 1.68 1.88 1.62 1.79 1.52 1.76 1.6 1.81 1.81 1.62 1.65 1.58 1.73
1.95 1.6 1.69 1.7 1.93 1.52 1.53 1.9 1.87 1.91 1.61 1.91 1.67 1.59 1.61
1.51 1.79 1.64 1.65 1.91 1.52 1.52 1.93 1.73 1.95 1.91 1.51 1.78 1.59
1.87 1.91 1.8 1.6 1.55 1.93 1.7 1.53 1.87 1.54 1.61 1.57 1.86 1.76 1.76
1.88 1.62 1.77 1.78 1.61 1.61 1.71 1.88 1.59 1.86 1.52 1.87 1.86 1.72
1.71 1.54 1.65 1.64 1.65 1.8 1.86 1.88 1.58 1.69 1.92 1.57 1.69 1.88
1.78 1.91 1.95 1.69 1.7 1.55 1.87 1.79 1.91 1.58 1.51 1.92 1.74 1.88
1.95 1.74 1.55 1.7 1.88 1.85 1.79 1.77 1.54 1.59 1.83 1.71 1.57 1.64
1.69 1.86 1.72 1.62 1.66 1.55 1.5 1.73 1.67 1.66 1.52 1.95 1.86 1.76
1.67 1.89 1.71 1.63 1.86 1.83 1.53 1.79 1.91 1.57 1.58 1.58 1.52 1.89
1.72 1.93 1.89 1.87 1.64 1.81 1.59 1.59 1.66 1.52 1.54 1.79 1.51 1.8
1.92 1.56 1.54 1.6 1.68 1.9 1.52 1.61 1.86 1.7 1.74 1.79 1.88 1.66 1.89
1.88 1.75 1.64 1.55 1.54 1.93 1.94 1.83 1.71 1.82 1.76 1.83 1.83 1.92
1.77 1.71 1.95 1.7 1.87 1.63 1.63 1.59 1.68 1.8 1.64 1.92 1.67 1.87 1.53
1.72 1.52 1.8 1.6 1.83 1.59 1.62 1.65 1.94 1.76 1.9 1.53 1.81 1.66 1.91
1.65 1.86 1.82 1.84 1.54 1.91 1.91 1.62 1.79 1.85 1.68 1.92 1.58 1.87
1.78 1.66 1.82 1.77 1.68 1.71 1.68 1.59 1.9 1.85 1.55 1.75 1.59 1.76
1.68 1.72 1.75 1.6 1.58 1.59 1.64 1.95 1.76 1.55 1.62 1.57 1.64 1.59
1.68 1.88 1.76 1.77 1.53 1.67 1.54 1.78 1.57 1.68 1.85 1.72 1.57 1.91
1.85 1.8 1.59 1.81 1.82 1.94 1.74 1.92 1.6 1.79 1.71 1.64 1.64 1.53 1.72
1.89 1.65 1.79 1.67 1.74 1.82 1.51 1.92 1.51 1.58 1.59 1.6 1.78 1.51 1.7
1.59 1.81 1.65 1.64 1.55 1.57 1.88 1.59 1.58 1.79 1.62 1.76 1.79 1.85
1.64 1.62 1.57 1.66 1.65 1.91 1.74 1.73 1.88 1.73 1.76 1.76 1.56 1.89
1.53 1.89 1.8 1.85 1.89 1.52 1.73 1.79 1.65 1.6 1.52 1.7 1.63 1.66 1.75
1.53 1.74 1.55 1.91 1.51 1.66 1.55 1.87 1.71 1.56 1.83 1.69 1.84 1.71
1.95 1.8 1.95 1.8 1.8 1.76 1.73 1.88 1.85 1.53 1.78 1.73 1.68 1.75 1.7
1.71 1.82 1.91 1.6 1.81 1.9 1.51 1.51 1.56 1.83 1.74 1.57 1.76 1.57 1.52
1.95 1.91 1.58 1.7 1.75 1.77 1.78 1.89 1.54 1.54 1.59 1.63 1.68 1.73 1.7
1.93 1.75 1.59 1.9 1.64 1.73 1.78 1.65 1.52 1.58 1.79 1.92 1.57 1.85
1.59 1.76 1.95 1.62 1.61 1.78 1.56 1.57 1.82 1.74 1.62 1.92 1.91 1.57
1.77 1.64 1.66 1.88 1.67 1.78 1.66 1.77 1.86 1.74 1.73 1.78 1.52 1.79
1.9 1.59 1.93 1.58 1.55 1.67 1.86 1.94 1.72 1.9 1.78 1.56 1.76 1.73 1.82
1.69 1.56 1.5 1.68 1.65 1.79 1.68 1.69 1.85 1.7 1.69 1.51 1.61 1.71 1.72
1.83 1.66 1.91 1.84 1.92 1.59 1.84 1.6 1.86 1.83 1.68 1.52 1.57 1.79
1.68 1.93 1.6 1.65 1.66 1.85 1.88 1.62 1.6 1.7 1.63 1.73 1.62 1.64 1.82
1.8 1.88 1.58 1.63 1.74 1.51 1.57 1.88 1.51 1.75 1.86 1.74 1.65 1.69
1.93 1.75 1.59 1.56 1.58 1.69 1.74 1.67 1.67 1.86 1.64 1.62 1.83 1.81
1.83 1.64 1.9 1.54 1.84 1.92 1.61 1.74 1.58 1.7 1.64 1.77 1.56 1.65 1.65
1.85 1.88 1.82 1.56 1.61 1.68 1.7 1.56 1.93 1.71 1.78 1.72 1.64 1.53
1.86 1.76 1.62 1.61 1.53 1.85 1.74 1.63 1.57 1.86 1.95 1.69 1.87 1.8
1.82 1.85 1.63 1.65 1.62 1.8 1.92 1.91 1.71 1.71 1.69 1.66 1.54 1.6 1.85
1.75 1.59 1.73 1.66 1.92 1.54 1.76 1.86 1.8 1.89 1.91 1.91 1.63 1.7 1.63
1.57 1.74 1.66 1.92 1.81 1.84 1.71 1.52 1.83 1.88 1.74 1.93 1.85 1.58
1.93 1.61 1.94 1.63 1.72 1.78 1.64 1.74 1.53 1.76 1.77 1.84 1.91 1.56
1.88 1.79 1.91 1.55 1.52 1.59 1.82 1.8 1.55 1.94 1.85 1.86 1.55 1.87
1.82 1.88 1.57 1.52 1.54 1.79 1.92 1.67 1.64 1.57 1.86 1.74 1.52 1.56
1.53 1.75 1.89 1.92 1.68 1.93 1.63 1.86 1.68 1.66 1.89 1.79 1.64 1.69
1.81 1.71 1.7 1.7 1.63 1.61 1.77 1.77 1.88 1.61 1.51 1.59 1.63 1.83 1.63
1.73 1.87 1.72 1.81 1.7 1.77 1.63 1.92 1.53 1.7 1.52 1.95 1.69 1.87 1.72
1.65 1.9 1.9 1.58 1.61 1.81 1.71 1.71 1.85 1.71 1.67 1.78 1.79 1.91 1.73
1.67 1.72 1.54 1.77 1.74 1.92 1.79 1.66 1.6 1.62 1.89 1.91 1.59 1.7 1.8
1.65 1.75 1.92 1.57 1.84 1.95 1.88 1.69 1.69 1.76 1.92 1.6 1.56 1.52
1.56 1.78 1.51 1.9 1.58 1.52 1.77 1.71 1.68 1.72 1.95 1.63 1.61 1.63
1.94 1.86 1.79 1.65 1.8 1.57 1.94 1.72 1.54 1.67 1.87 1.77 1.76 1.79
1.68 1.82 1.62 1.88 1.68 1.66 1.75 1.5 1.88 1.65 1.58 1.76 1.94 1.92
1.57 1.58 1.58 1.8 1.67 1.56 1.91 1.93 1.74 1.93 1.73 1.95 1.72 1.72 1.7
1.69 1.75 1.6 1.67 1.8 1.58 1.6 1.95 1.83 1.87 1.5 1.57 1.94 1.84 1.78
1.73 1.69 1.83 1.92 1.83 1.57 1.5 1.9 1.76 1.65 1.88 1.82 1.53 1.55 1.8
1.9 1.88 1.71 1.59 1.77 1.84 1.51 1.8 1.91 1.76 1.68 1.7 1.65 1.81 1.71
1.55 1.51 1.68 1.61 1.59 1.73 1.82 1.79 1.8 1.63 1.85 1.82 1.77 1.68
1.75 1.6 1.74 1.94 1.86 1.56 1.79 1.51 1.51 1.9 1.85 1.53 1.82 1.57 1.85
1.79 1.89 1.59 1.68 1.76 1.82 1.6 1.66 1.64 1.79 1.84 1.93 1.94 1.77 1.6
1.71 1.51 1.76 1.86 1.59 1.83 1.63 1.64 1.77 1.54 1.83 1.63 1.69 1.83
1.78 1.59 1.76 1.74 1.62 1.79 1.87 1.5 1.71 1.61 1.82 1.63 1.93 1.55
1.94 1.54 1.9 1.86 1.85 1.61 1.74 1.62 1.74 1.64 1.59 1.64 1.72 1.82
1.68 1.88 1.94 1.83 1.93 1.57 1.79 1.59 1.77 1.89 1.78 1.9 1.76 1.74
1.91 1.58 1.81 1.69 1.94 1.94 1.78 1.52 1.82 1.58 1.52 1.87 1.7 1.92
1.63 1.94 1.56 1.75 1.9 1.72 1.55 1.8 1.86 1.55 1.77 1.87 1.53 1.69 1.71
1.63 1.81 1.82 1.51 1.81 1.74 1.73 1.65 1.89 1.59 1.9 1.51 1.52 1.9 1.66
1.66 1.58 1.58 1.95 1.61 1.81 1.74 1.78 1.72 1.58 1.64 1.67 1.57 1.59
1.68 1.93 1.86 1.69 1.7 1.59 1.83 1.86 1.6 1.61 1.81 1.76 1.78 1.67 1.81
1.66 1.89 1.85 1.84 1.94 1.67 1.69 1.81 1.88 1.79 1.93 1.52 1.79 1.71
1.59 1.66 1.58 1.63 1.88 1.77 1.78 1.69 1.63 1.93 1.65 1.77 1.92 1.71
1.88 1.94 1.5 1.84 1.66 1.69 1.56 1.83 1.61 1.82 1.74 1.94 1.83 1.65
1.56 1.69 1.93 1.84 1.62 1.71 1.66 1.8 1.5 1.51 1.63 1.54 1.8 1.7 1.95
1.95 1.77 1.81 1.92 1.63 1.66 1.63 1.63 1.54 1.83 1.62 1.86 1.84 1.7
1.92 1.61 1.8 1.66 1.82 1.71 1.89 1.64 1.56 1.71 1.89 1.83 1.92 1.6 1.85
1.81 1.91 1.7 1.58 1.89 1.52 1.62 1.54 1.56 1.87 1.91 1.77 1.65 1.63
1.72 1.77 1.65 1.59 1.76 1.58 1.89 1.8 1.56 1.85 1.72 1.78 1.68 1.88
1.66 1.87 1.88 1.64 1.57 1.84 1.51 1.87 1.58 1.61 1.56 1.54 1.8 1.64
1.79 1.62 1.63 1.79 1.83 1.87 1.82 1.81 1.66 1.76 1.64 1.9 1.91 1.59
1.67 1.88 1.68 1.71 1.62 1.51 1.91 1.75 1.5 1.67 1.7 1.91 1.56 1.81 1.9
1.87 1.82 1.85 1.59 1.7 1.87 1.69 1.72 1.7 1.56 1.52 1.64 1.5 1.79 1.53
1.85 1.81 1.77 1.77 1.7 1.67 1.64 1.75 1.68 1.64 1.59 1.56 1.88 1.52
1.62 1.82 1.95 1.55 1.77 1.75 1.59 1.8 1.93 1.89 1.68 1.53 1.51 1.83
1.83 1.62 1.64 1.74 1.52 1.67 1.57 1.79 1.82 1.5 1.58 1.87 1.55 1.93
1.67 1.72 1.74 1.89 1.74 1.56 1.75 1.55 1.59 1.66 1.7 1.66 1.53 1.93
1.75 1.57 1.92 1.62 1.59 1.69 1.63 1.75 1.83 1.51 1.65 1.89 1.75 1.84
1.56 1.88 1.86 1.72 1.54 1.66 1.75 1.54 1.88 1.71 1.94 1.73 1.57 1.87
1.78 1.91 1.83 1.68 1.67 1.72 1.66 1.74 1.82 1.94 1.75 1.8 1.67 1.78
1.93 1.58 1.62 1.79 1.64 1.69 1.88 1.6 1.68 1.92 1.75 1.57 1.59 1.79
1.71 1.74 1.7 1.71 1.91 1.66 1.84 1.54 1.55 1.92 1.85 1.7 1.73 1.52 1.65
1.93 1.6 1.68 1.84 1.74 1.58 1.59 1.51 1.91 1.57 1.77 1.78 1.95 1.59
1.91 1.76 1.88 1.69 1.75 1.9 1.82 1.74 1.7 1.83 1.65 1.63 1.6 1.77 1.68
1.84 1.75 1.54 1.72 1.68 1.79 1.74 1.6 1.77 1.53 1.85 1.57 1.82 1.83
1.72 1.57 1.81 1.93 1.76 1.55 1.56 1.78 1.94 1.76 1.66 1.7 1.64 1.81
1.67 1.64 1.6 1.65 1.91 1.68 1.53 1.8 1.92 1.76 1.82 1.51 1.64 1.79 1.66
1.53 1.57 1.59 1.85 1.59 1.74 1.78 1.84 1.71 1.9 1.67 1.79 1.55 1.63
1.88 1.58 1.84 1.57 1.73 1.72 1.79 1.51 1.77 1.79 1.68 1.78 1.88 1.72
1.55 1.68 1.81 1.52 1.73 1.74 1.54 1.57 1.52 1.68 1.69 1.89 1.51 1.7
1.57 1.8 1.62 1.67 1.64 1.91 1.64 1.71 1.84 1.77 1.51 1.84 1.86 1.57
1.56 1.86 1.72 1.52 1.66 1.88 1.56 1.89 1.68 1.86 1.87 1.63 1.74 1.87
1.82 1.7 1.58 1.7 1.76 1.65 1.81 1.53 1.63 1.8 1.71 1.62 1.9 1.76 1.81
1.62 1.84 1.65 1.6 1.85 1.79 1.56 1.87 1.85 1.83 1.9 1.76 1.92 1.9 1.79
1.54 1.73 1.95 1.89 1.84 1.93 1.78 1.57 1.78 1.76 1.82 1.74 1.75 1.81
1.61 1.52 1.55 1.7 1.64 1.92 1.91 1.91 1.53 1.51 1.65 1.59 1.9 1.86 1.72
1.89 1.88 1.77 1.76 1.55 1.71 1.93 1.55 1.84 1.61 1.69 1.82 1.87 1.61
1.77 1.64 1.55 1.76 1.7 1.6 1.78 1.77 1.83 1.86 1.88 1.89 1.72 1.73 1.53
1.94 1.91 1.53 1.61 1.62 1.56 1.76 1.52 1.57 1.94 1.88 1.91 1.74 1.87
1.67 1.84 1.56 1.53 1.88 1.76 1.79 1.93 1.91 1.67 1.74 1.75 1.86 1.91
1.81 1.86 1.87 1.52 1.75 1.76 1.68 1.59 1.56 1.53 1.75 1.74 1.65 1.67
1.55 1.88 1.89 1.89 1.65 1.72 1.57 1.63 1.6 1.69 1.63 1.71 1.68 1.8 1.95
1.89 1.77 1.65 1.72 1.82 1.62 1.75 1.71 1.58 1.79 1.76 1.88 1.81 1.83
1.53 1.86 1.56 1.92 1.7 1.86 1.94 1.56 1.93 1.9 1.72 1.66 1.59 1.92 1.58
1.72 1.85 1.74 1.69 1.75 1.63 1.7 1.87 1.89 1.54 1.73 1.93 1.74 1.71
1.59 1.79 1.71 1.64 1.65 1.56 1.55 1.51 1.82 1.87 1.63 1.82 1.71 1.73
1.71 1.72 1.81 1.83 1.89 1.67 1.62 1.57 1.81 1.61 1.91 1.72 1.81 1.71
1.84 1.56 1.72 1.58 1.51 1.53 1.93 1.65 1.77 1.57 1.71 1.66 1.66 1.56
1.52 1.83 1.89 1.51 1.56 1.78 1.57 1.64 1.81 1.89 1.74 1.81 1.6 1.93
1.92 1.6 1.9 1.82 1.74 1.64 1.6 1.51 1.89 1.5 1.69 1.85 1.6 1.7 1.87 1.9
1.9 1.78 1.65 1.6 1.72 1.87 1.87 1.94 1.77 1.76 1.88 1.83 1.76 1.52 1.52
1.54 1.8 1.75 1.78 1.9 1.51 1.92 1.8 1.74 1.74 1.89 1.65 1.56 1.72 1.65
1.56 1.54 1.77 1.5 1.75 1.64 1.8 1.87 1.54 1.66 1.67 1.74 1.51 1.72 1.73
1.7 1.83 1.51 1.78 1.53 1.93 1.77 1.83 1.94 1.77 1.86 1.73 1.75 1.94
1.54 1.63 1.81 1.67 1.78 1.94 1.71 1.69 1.9 1.89 1.69 1.74 1.72 1.6 1.84
1.67 1.64 1.63 1.69 1.65 1.56 1.85 1.73 1.86 1.55 1.57 1.7 1.81 1.75
1.74 1.62 1.94 1.94 1.55 1.66 1.56 1.7 1.73 1.81 1.6 1.57 1.61 1.78 1.68
1.53 1.9 1.76 1.74 1.71 1.55 1.88 1.74 1.87 1.62 1.76 1.64 1.52 1.65
1.92 1.69 1.87 1.58 1.55 1.62 1.51 1.9 1.73 1.83 1.76 1.66 1.91 1.76
1.88 1.8 1.86 1.5 1.58 1.55 1.73 1.61 1.91 1.76 1.78 1.69 1.78 1.73 1.82
1.57 1.94 1.84 1.78 1.57 1.79 1.59 1.64 1.88 1.69 1.89 1.9 1.73 1.64
1.54 1.71 1.84 1.6 1.8 1.87 1.94 1.84 1.92 1.7 1.55 1.63 1.89 1.54 1.8
1.64 1.84 1.72 1.5 1.76 1.9 1.56 1.77 1.5 1.81 1.85 1.94 1.76 1.85 1.65
1.94 1.8 1.92 1.74 1.79 1.82 1.93 1.84 1.75 1.67 1.64 1.77 1.69 1.77
1.71 1.91 1.8 1.7 1.62 1.72 1.58 1.82 1.83 1.55 1.58 1.68 1.74 1.93 1.82
1.6 1.58 1.64 1.54 1.89 1.59 1.93 1.57 1.71 1.89 1.7 1.87 1.63 1.81 1.93
1.57 1.66 1.74 1.69 1.74 1.88 1.65 1.84 1.85 1.64 1.88 1.75 1.57 1.88
1.64 1.94 1.6 1.77 1.69 1.74 1.5 1.54 1.6 1.86 1.86 1.89 1.76 1.61 1.54
1.87 1.65 1.51 1.74 1.74 1.79 1.64 1.72 1.63 1.63 1.58 1.81 1.58 1.86
1.56 1.89 1.54 1.84 1.8 1.86 1.51 1.91 1.78 1.65 1.94 1.75 1.74 1.67
1.94 1.65 1.77 1.73 1.63 1.87 1.71 1.84 1.88 1.78 1.61 1.67 1.88 1.54
1.7 1.6 1.55 1.65 1.77 1.51 1.93 1.63 1.89 1.85 1.72 1.65 1.86 1.59 1.52
1.89 1.56 1.92 1.57 1.73 1.68 1.86 1.6 1.78 1.51 1.79 1.76 1.82 1.72
1.51 1.79 1.94 1.77 1.81 1.65 1.94 1.65 1.76 1.63 1.94 1.95 1.85 1.68
1.62 1.59 1.53 1.73 1.87 1.88 1.9 1.8 1.69 1.93 1.6 1.56 1.57 1.84 1.94
1.74 1.58 1.51 1.85 1.69 1.84 1.56 1.83 1.6 1.7 1.9 1.62 1.64 1.92 1.85
1.67 1.55 1.78 1.69 1.77 1.62 1.93 1.62 1.62 1.75 1.57 1.71 1.83 1.95
1.54 1.94 1.72 1.68 1.79 1.5 1.86 1.76 1.57 1.82 1.67 1.87 1.95 1.58
1.92 1.86 1.75 1.65 1.79 1.77 1.94 1.82 1.59 1.74 1.68 1.67 1.64 1.79
1.57 1.75 1.88 1.77 1.79 1.54 1.85 1.59 1.57 1.56 1.66 1.93 1.78 1.86
1.53 1.91 1.54 1.72 1.66 1.79 1.75 1.85 1.9 1.84 1.72 1.6 1.65 1.54 1.89
1.81 1.66 1.5 1.64 1.59 1.55 1.73 1.63 1.66 1.74 1.66 1.91 1.87 1.86 1.7
1.91 1.5 1.55 1.88 1.91 1.55 1.95 1.79 1.81 1.71 1.63 1.88 1.75 1.58
1.86 1.85 1.88 1.68 1.86 1.67 1.74 1.57 1.67 1.55 1.66 1.54 1.93 1.67
1.5 1.57 1.87 1.55 1.85 1.8 1.58 1.62 1.78 1.54 1.67 1.61 1.84 1.74 1.76
1.51 1.57 1.89 1.62 1.55 1.63 1.72 1.93 1.53 1.68 1.81 1.6 1.55 1.7 1.71
1.71 1.89 1.56 1.92 1.67 1.58 1.56 1.76 1.83 1.61 1.79 1.67 1.92 1.89
1.8 1.59 1.59 1.57 1.67 1.84 1.8 1.56 1.79 1.68 1.85 1.87 1.52 1.86 1.5
1.56 1.84 1.79 1.6 1.61 1.87 1.56 1.8 1.55 1.85 1.59 1.55 1.52 1.86 1.6
1.81 1.56 1.94 1.65 1.71 1.78 1.69 1.75 1.85 1.7 1.77 1.72 1.79 1.88
1.53 1.72 1.68 1.71 1.74 1.81 1.9 1.54 1.65 1.54 1.84 1.94 1.87 1.8 1.83
1.77 1.75 1.67 1.77 1.77 1.69 1.92 1.51 1.57 1.74 1.94 1.81 1.66 1.54
1.59 1.61 1.85 1.92 1.52 1.5 1.9 1.57 1.74 1.94 1.81 1.69 1.62 1.82 1.59
1.65 1.61 1.56 1.67 1.75 1.85 1.85 1.71 1.87 1.78 1.5 1.6 1.9 1.81 1.5
1.67 1.66 1.58 1.63 1.65 1.7 1.94 1.56 1.93 1.73 1.71 1.84 1.5 1.63 1.57
1.54 1.64 1.89 1.67 1.68 1.69 1.59 1.62 1.8 1.74 1.52 1.56 1.75 1.91
1.84 1.7 1.74 1.72 1.65 1.55 1.58 1.62 1.62 1.52 1.86 1.62 1.87 1.78
1.92 1.76 1.68 1.7 1.73 1.66 1.74 1.87 1.65 1.78 1.66 1.66 1.78 1.82
1.78 1.52 1.79 1.72 1.84 1.91 1.77 1.89 1.74 1.58 1.59 1.77 1.71 1.56
1.88 1.77 1.76 1.53 1.72 1.59 1.93 1.74 1.55 1.64 1.59 1.79 1.55 1.93
1.9 1.7 1.83 1.86 1.56 1.79 1.72 1.74 1.68 1.81 1.86 1.62 1.77 1.87 1.53
1.8 1.59 1.6 1.73 1.68 1.93 1.61 1.75 1.59 1.51 1.9 1.91 1.59 1.57 1.5
1.94 1.5 1.74 1.93 1.75 1.89 1.89 1.85 1.94 1.82 1.86 1.52 1.61 1.54
1.54 1.56 1.51 1.71 1.8 1.59 1.93 1.62 1.9 1.85 1.88 1.93 1.62 1.75 1.77
1.56 1.67 1.59 1.88 1.66 1.64 1.84 1.72 1.75 1.92 1.84 1.6 1.76 1.71
1.77 1.5 1.56 1.59 1.89 1.53 1.94 1.84 1.94 1.56 1.91 1.94 1.74 1.91
1.68 1.91 1.84 1.64 1.7 1.78 1.85 1.5 1.57 1.9 1.58 1.82 1.91 1.75 1.94
1.91 1.52 1.59 1.7 1.5 1.94 1.59 1.84 1.7 1.54 1.85 1.72 1.69 1.93 1.84
1.92 1.77 1.52 1.63 1.57 1.58 1.93 1.55 1.59 1.81 1.92 1.9 1.53 1.57
1.58 1.72 1.71 1.63 1.85 1.65 1.68 1.58 1.92 1.52 1.67 1.6 1.64 1.59
1.73 1.85 1.65 1.51 1.56 1.92 1.85 1.91 1.9 1.89 1.91 1.76 1.76 1.81
1.87 1.65 1.68 1.58 1.73 1.82 1.89 1.78 1.6 1.75 1.5 1.93 1.65 1.89 1.83
1.55 1.63 1.79 1.78 1.68 1.83 1.6 1.86 1.78 1.57 1.74 1.72 1.9 1.91 1.62
1.91 1.87 1.51 1.91 1.67 1.61 1.68 1.63 1.6 1.52 1.86 1.62 1.91 1.79 1.5
1.82 1.61 1.69 1.7 1.51 1.84 1.78 1.8 1.89 1.6 1.74 1.67 1.84 1.58 1.9
1.93 1.61 1.7 1.66 1.76 1.9 1.73 1.91 1.62 1.86 1.54 1.93 1.81 1.71 1.95
1.76 1.71 1.6 1.51 1.55 1.7 1.59 1.73 1.71 1.61 1.62 1.65 1.67 1.7 1.51
1.52 1.51 1.94 1.74 1.82 1.58 1.86 1.94 1.86 1.87 1.83 1.67 1.95 1.7
1.57 1.83 1.52 1.79 1.53 1.64 1.68 1.67 1.56 1.85 1.95 1.82 1.54 1.85
1.94 1.91 1.88 1.63 1.88 1.79 1.84 1.54 1.82 1.59 1.83 1.55 1.8 1.81
1.91 1.57 1.89 1.89 1.61 1.61 1.65 1.68 1.81 1.8 1.93 1.8 1.62 1.61 1.51
1.63 1.94 1.87 1.92 1.75 1.67 1.92 1.9 1.55 1.63 1.74 1.73 1.55 1.79
1.77 1.62 1.68 1.83 1.72 1.76 1.9 1.6 1.95 1.65 1.81 1.7 1.85 1.84 1.86
1.73 1.66 1.83 1.86 1.52 1.72 1.61 1.94 1.88 1.59 1.62 1.51 1.53 1.66
1.79 1.53 1.61 1.79 1.74 1.58 1.8 1.8 1.63 1.59 1.65 1.72 1.93 1.92 1.51
1.61 1.74 1.81 1.78 1.53 1.6 1.61 1.8 1.71 1.69 1.85 1.87 1.64 1.84 1.78
1.52 1.58 1.55 1.94 1.75 1.59 1.8 1.73 1.57 1.65 1.53 1.84 1.89 1.83
1.77 1.58 1.94 1.89 1.84 1.85 1.52 1.87 1.55 1.57 1.56 1.67 1.61 1.59
1.91 1.65 1.63 1.59 1.53 1.87 1.91 1.56 1.59 1.52 1.91 1.73 1.8 1.71
1.82 1.85 1.88 1.79 1.89 1.71 1.82 1.64 1.89 1.69 1.67 1.64 1.93 1.95
1.73 1.78 1.84 1.63 1.9 1.62 1.8 1.91 1.65 1.68 1.77 1.77 1.68 1.58 1.81
1.6 1.58 1.52 1.87 1.77 1.66 1.85 1.54 1.75 1.9 1.91 1.85 1.81 1.79 1.88
1.6 1.69 1.51 1.77 1.54 1.9 1.5 1.71 1.57 1.7 1.95 1.64 1.64 1.84 1.92
1.54 1.91 1.56 1.64 1.84 1.8 1.52 1.82 1.76 1.66 1.9 1.76 1.61 1.66 1.88
1.76 1.86 1.63 1.91 1.75 1.77 1.72 1.86 1.62 1.93 1.51 1.82 1.75 1.77
1.9 1.65 1.94 1.87 1.88 1.61 1.53 1.58 1.53 1.8 1.59 1.73 1.88 1.73 1.69
1.81 1.66 1.92 1.57 1.94 1.84 1.77 1.55 1.84 1.55 1.58 1.54 1.94 1.5
1.83 1.8 1.67 1.63 1.9 1.55 1.7 1.66 1.55 1.6 1.51 1.63 1.55 1.76 1.51
1.89 1.84 1.89 1.68 1.86 1.71 1.71 1.67 1.81 1.78 1.8 1.91 1.88 1.94 1.8
1.59 1.64 1.59 1.69 1.7 1.7 1.77 1.85 1.58 1.94 1.77 1.51 1.79 1.81 1.83
1.6 1.54 1.77 1.78 1.53 1.71 1.79 1.68 1.61 1.91 1.82 1.59 1.61 1.8 1.93
1.71 1.67 1.83 1.94 1.67 1.9 1.69 1.89 1.65 1.73 1.79 1.83 1.64 1.82
1.69 1.62 1.77 1.7 1.68 1.56 1.76 1.77 1.8 1.81 1.57 1.79 1.8 1.54 1.91
1.81 1.71 1.58 1.85 1.53 1.66 1.6 1.76 1.57 1.75 1.6 1.56 1.67 1.81 1.83
1.66 1.58 1.69 1.86 1.61 1.54 1.55 1.63 1.56 1.64 1.73 1.51 1.57 1.55
1.53 1.91 1.73 1.78 1.53 1.57 1.85 1.74 1.78 1.63 1.88 1.64 1.75 1.68
1.62 1.63 1.69 1.59 1.65 1.52 1.52 1.64 1.76 1.93 1.76 1.76 1.53 1.74
1.72 1.92 1.54 1.79 1.55 1.6 1.85 1.51 1.6 1.73 1.93 1.93 1.52 1.8 1.56
1.83 1.52 1.89 1.83 1.56 1.79 1.94 1.68 1.78 1.5 1.92 1.83 1.93 1.93
1.79 1.75 1.9 1.72 1.66 1.84 1.62 1.81 1.69 1.61 1.71 1.58 1.87 1.67
1.95 1.86 1.66 1.84 1.86 1.79 1.67 1.51 1.84 1.73 1.8 1.54 1.54 1.59
1.67 1.69 1.64 1.55 1.65 1.61 1.72 1.79 1.84 1.84 1.52 1.81 1.88 1.91
1.74 1.94 1.54 1.93 1.6 1.63 1.56 1.66 1.83 1.8 1.85 1.86 1.72 1.62 1.72
1.8 1.75 1.56 1.68 1.94 1.73 1.87 1.56 1.77 1.83 1.56 1.64 1.78 1.72
1.74 1.54 1.64 1.57 1.76 1.61 1.88 1.76 1.56 1.87 1.92 1.65 1.67 1.51
1.62 1.84 1.65 1.87 1.57 1.84 1.53 1.57 1.7 1.65 1.66 1.55 1.93 1.61
1.82 1.64 1.83 1.58 1.91 1.72 1.85 1.93 1.83 1.83 1.61 1.54 1.56 1.86
1.7 1.88 1.54 1.9 1.91 1.8 1.69 1.79 1.56 1.69 1.75 1.71 1.81 1.76 1.74
1.51 1.76 1.92 1.64 1.71 1.65 1.68 1.56 1.7 1.8 1.93 1.62 1.93 1.89 1.63
1.63 1.82 1.69 1.55 1.95 1.54 1.6 1.71 1.85 1.84 1.88 1.67 1.6 1.63 1.89
1.75 1.58 1.76 1.78 1.91 1.76 1.58 1.61 1.78 1.65 1.75 1.68 1.51 1.56
1.73 1.58 1.72 1.55 1.64 1.83 1.62 1.52 1.75 1.73 1.5 1.75 1.91 1.68
1.55 1.85 1.8 1.5 1.76 1.56 1.84 1.57 1.89 1.86 1.53 1.68 1.61 1.62 1.92
1.79 1.72 1.78 1.6 1.79 1.62 1.75 1.59 1.74 1.7 1.67 1.56 1.9 1.52 1.74
1.52 1.88 1.69 1.76 1.75 1.89 1.92 1.78 1.69 1.53 1.75 1.73 1.9 1.82
1.53 1.6 1.57 1.74 1.58 1.85 1.89 1.7 1.82 1.51 1.61 1.88 1.51 1.64 1.75
1.76 1.68 1.88 1.69 1.92 1.63 1.92 1.71 1.79 1.9 1.93 1.63 1.54 1.92
1.69 1.52 1.85 1.79 1.84 1.58 1.65 1.85 1.64 1.81 1.74 1.93 1.73 1.5
1.64 1.66 1.8 1.6 1.83 1.55 1.79 1.87 1.56 1.69 1.61 1.85 1.62 1.89 1.53
1.71 1.72 1.75 1.81 1.64 1.81 1.86 1.65 1.63 1.59 1.55 1.84 1.53 1.73
1.83 1.73 1.6 1.63 1.51 1.88 1.78 1.94 1.74 1.54 1.86 1.76 1.66 1.62
1.71 1.75 1.53 1.77 1.84 1.53 1.8 1.84 1.69 1.83 1.82 1.59 1.54 1.83 1.5
1.81 1.65 1.55 1.67 1.53 1.81 1.64 1.7 1.71 1.69 1.77 1.77 1.87 1.68
1.83 1.7 1.64 1.63 1.93 1.68 1.83 1.54 1.72 1.52 1.5 1.75 1.9 1.7 1.75
1.61 1.6 1.94 1.62 1.6 1.66 1.64 1.72 1.66 1.5 1.94 1.67 1.53 1.57 1.71
1.73 1.79 1.75 1.59 1.53 1.92 1.53 1.89 1.86 1.63 1.9 1.77 1.94 1.54
1.86 1.83 1.68 1.52 1.61 1.57 1.7 1.9 1.91 1.94 1.87 1.54 1.87 1.88 1.7
1.93 1.72 1.66 1.68 1.95 1.63 1.61 1.89 1.74 1.57 1.62 1.92 1.83 1.88
1.57 1.59 1.77 1.89 1.52 1.81 1.93 1.85 1.76 1.69 1.59 1.77 1.72 1.64
1.6 1.54 1.9 1.61 1.75 1.82 1.54 1.71 1.94 1.83 1.6 1.92 1.89 1.83 1.85
1.64 1.57 1.93 1.53 1.75 1.88 1.91 1.75 1.84 1.95 1.74 1.52 1.83 1.5
1.91 1.89 1.95 1.89 1.78 1.53 1.83 1.76 1.92 1.9 1.87 1.94 1.68 1.6 1.8
1.63 1.75 1.9 1.95 1.77 1.65 1.7 1.8 1.73 1.58 1.91 1.89 1.92 1.56 1.7
1.86 1.72 1.55 1.58 1.65 1.51 1.64 1.64 1.6 1.64 1.89 1.67 1.73 1.64
1.58 1.5 1.76 1.56 1.81 1.66 1.81 1.94 1.8 1.54 1.88 1.55 1.78 1.63 1.7
1.84 1.87 1.94 1.63 1.94 1.55 1.92 1.72 1.59 1.87 1.5 1.83 1.6 1.77 1.88
1.83 1.6 1.86 1.67 1.91 1.65 1.5 1.69 1.76 1.84 1.53 1.53 1.83 1.84 1.67
1.7 1.85 1.68 1.83 1.91 1.68 1.52 1.83 1.71 1.81 1.72 1.64 1.86 1.93
1.88 1.87 1.52 1.5 1.79 1.53 1.78 1.75 1.6 1.93 1.84 1.57 1.57 1.85 1.78
1.64 1.83 1.89 1.65 1.59 1.75 1.77 1.52 1.81 1.59 1.76 1.53 1.74 1.71
1.76 1.84 1.77 1.84 1.68 1.72 1.54 1.85
